  L=0.8  N=16  4K=0.74189842   ||r||^2/K=0.934326  lam_min(Q0)=2.5410429e-17
  L=1.0  N=18  4K=1.3426544    ||r||^2/K=0.929984  lam_min(Q0)=3.1021278e-27
  L=1.3  N=20  4K=3.1158099    ||r||^2/K=0.987169  lam_min(Q0)=1.1442235e-39
  L=1.6  N=22  4K=5.1129863    ||r||^2/K=0.978450  lam_min(Q0)=1.0213936e-50
  L=2.0  N=26  4K=10.652171    ||r||^2/K=0.999996  lam_min(Q0)=1.1095218e-67

  L     delta     dimN   C measured    H1 pred       cos^2     rel H1      rel compr  
  0.8   0.1       4      0.408918      0.555491      0.74874   3.584e-01   2.516e-03  
  0.8   0.01      3      0.300177      0.328723      0.44308   9.510e-02   4.835e-03  
  0.8   0.001     2      0.0246492     0.0180286     0.02430   2.686e-01   3.172e-01  
  0.8   0.0001    2      0.015537      0.0180286     0.02430   1.604e-01   3.543e-03  
  0.8   1.0e-5    2      0.000139045   0.0180286     0.02430   1.287e+02   3.708e-05  
  0.8   1.0e-6    1      0.000122277   0.000130713   0.00018   6.899e-02   1.218e-03  
  0.8   1.0e-7    1      0.00012213    0.000130713   0.00018   7.028e-02   1.218e-05  
  0.8   1.0e-8    1      0.000122128   0.000130713   0.00018   7.029e-02   1.218e-07  
  0.8   1.0e-9    0      0.000122128   0             0.00000   1.000e+00   1.000e+00  
  0.8   1.0e-10   0      0.000122128   0             0.00000   1.000e+00   1.000e+00  
  0.8   1.0e-11   0      0.000122128   0             0.00000   1.000e+00   1.000e+00  
  0.8   1.0e-12   0      0.000122128   0             0.00000   1.000e+00   1.000e+00  
  1.0   0.1       6      0.89009       0.954363      0.71080   7.221e-02   6.545e-03  
  1.0   0.01      5      0.838444      0.893829      0.66572   6.606e-02   9.007e-03  
  1.0   0.001     5      0.801647      0.893829      0.66572   1.150e-01   1.068e-04  
  1.0   0.0001    4      0.682292      0.729471      0.54330   6.915e-02   7.661e-03  
  1.0   1.0e-5    4      0.558646      0.729471      0.54330   3.058e-01   9.408e-05  
  1.0   1.0e-6    3      0.221873      0.233618      0.17400   5.294e-02   2.332e-02  
  1.0   1.0e-7    3      0.162055      0.233618      0.17400   4.416e-01   3.137e-04  
  1.0   1.0e-8    2      0.0101609     0.0105708     0.00787   4.034e-02   3.530e-02  
  1.0   1.0e-9    2      0.00699391    0.0105708     0.00787   5.114e-01   4.953e-04  
  1.0   1.0e-10   2      6.45618e-05   0.0105708     0.00787   1.627e+02   3.651e-06  
  1.0   1.0e-11   1      6.23827e-05   6.70564e-05   0.00005   7.492e-02   3.409e-04  
  1.0   1.0e-12   1      6.23616e-05   6.70564e-05   0.00005   7.528e-02   3.409e-06  
  1.3   0.1       10     2.7676        2.73361       0.87734   1.228e-02   2.917e-02  
  1.3   0.01      9      2.29692       2.16495       0.69483   5.746e-02   7.083e-02  
  1.3   0.001     9      1.97539       2.16495       0.69483   9.596e-02   1.031e-03  
  1.3   0.0001    8      1.7887        1.82645       0.58619   2.111e-02   1.772e-03  
  1.3   1.0e-5    7      1.71314       1.73622       0.55723   1.347e-02   1.993e-03  
  1.3   1.0e-6    6      1.59286       1.57218       0.50458   1.298e-02   2.635e-02  
  1.3   1.0e-7    6      1.44855       1.57218       0.50458   8.535e-02   3.776e-04  
  1.3   1.0e-8    5      0.794193      0.776988      0.24937   2.166e-02   3.427e-02  
  1.3   1.0e-9    5      0.763665      0.776988      0.24937   1.745e-02   3.563e-04  
  1.3   1.0e-10   4      0.747046      0.7573        0.24305   1.373e-02   1.075e-03  
  1.3   1.0e-11   4      0.618318      0.7573        0.24305   2.248e-01   1.342e-05  
  1.3   1.0e-12   3      0.113732      0.110835      0.03557   2.548e-02   4.044e-02  
  1.6   0.1       14     4.96132       5.0457        0.98684   1.701e-02   5.093e-03  
  1.6   0.01      13     4.88169       5.04457       0.98662   3.337e-02   5.748e-05  
  1.6   0.001     12     4.53913       4.6743        0.91420   2.978e-02   4.074e-03  
  1.6   0.0001    11     3.71681       3.69113       0.72191   6.908e-03   3.226e-02  
  1.6   1.0e-5    10     3.19552       3.12708       0.61160   2.142e-02   4.278e-02  
  1.6   1.0e-6    10     3.00434       3.12708       0.61160   4.085e-02   5.708e-04  
  1.6   1.0e-7    9      2.90023       2.97025       0.58092   2.414e-02   8.593e-04  
  1.6   1.0e-8    8      2.75272       2.78946       0.54556   1.334e-02   1.025e-02  
  1.6   1.0e-9    8      2.4117        2.78946       0.54556   1.566e-01   1.314e-04  
  1.6   1.0e-10   7      1.95809       2.0173        0.39455   3.024e-02   4.321e-03  
  1.6   1.0e-11   6      1.53193       1.49445       0.29229   2.447e-02   4.567e-02  
  1.6   1.0e-12   6      1.43574       1.49445       0.29229   4.089e-02   5.377e-04  
  2.0   0.1       19     10.5454       10.547        0.99013   1.491e-04   8.342e-03  
  2.0   0.01      18     9.88112       10.0712       0.94546   1.924e-02   2.066e-03  
  2.0   0.001     17     8.73652       9.15531       0.85948   4.794e-02   3.266e-03  
  2.0   0.0001    16     7.7487        7.90101       0.74173   1.966e-02   2.653e-03  
  2.0   1.0e-5    15     7.16037       7.13821       0.67012   3.095e-03   3.293e-03  
  2.0   1.0e-6    14     7.11686       7.12006       0.66841   4.495e-04   3.179e-04  
  2.0   1.0e-7    13     6.95538       6.89999       0.64775   7.963e-03   8.902e-03  
  2.0   1.0e-8    13     6.4794        6.89999       0.64775   6.491e-02   1.283e-04  
  2.0   1.0e-9    12     5.75665       5.83568       0.54784   1.373e-02   2.521e-03  
  2.0   1.0e-10   11     4.62848       4.49908       0.42236   2.796e-02   2.797e-02  
  2.0   1.0e-11   11     4.49707       4.49908       0.42236   4.468e-04   3.095e-04  
  2.0   1.0e-12   10     4.46124       4.49147       0.42165   6.777e-03   2.792e-05  
